&general
  PREFIX = bccfe_col
  MODE = optimize
  NAT = 54; NKD = 1
  KD = Fe
#  STRUCTURE = POSCAR
/

&optimize
 DFSET = DFSET
/

&interaction
  NORDER = 1  # 1: harmonic, 2: cubic, ..
/

&cell
  5.415955 # factor in Bohr unit
  3.0 0.0 0.0 # a1
  0.0 3.0 0.0 # a2
  0.0 0.0 3.0 # a3
/

&cutoff 
  Fe-Fe None
/

&position
1   0.000000000         0.000000000         0.000000000  
1   0.166666667         0.166666667         0.166666667  
1   0.000000000         0.000000000         0.333333333  
1   0.000000000         0.000000000         0.666666667  
1   0.333333333         0.000000000         0.000000000  
1   0.666666667         0.000000000         0.000000000  
1   0.000000000         0.333333333         0.000000000  
1   0.000000000         0.666666667         0.000000000  
1   0.166666667         0.166666667         0.500000000  
1   0.166666667         0.166666667         0.833333333  
1   0.500000000         0.166666667         0.166666667  
1   0.833333333         0.166666667         0.166666667  
1   0.166666667         0.500000000         0.166666667  
1   0.166666667         0.833333333         0.166666667  
1   0.000000000         0.333333333         0.333333333  
1   0.000000000         0.666666667         0.666666667  
1   0.000000000         0.666666667         0.333333333  
1   0.000000000         0.333333333         0.666666667  
1   0.333333333         0.000000000         0.333333333  
1   0.666666667         0.000000000         0.666666667  
1   0.333333333         0.000000000         0.666666667  
1   0.666666667         0.000000000         0.333333333  
1   0.333333333         0.333333333         0.000000000  
1   0.666666667         0.666666667         0.000000000  
1   0.666666667         0.333333333         0.000000000  
1   0.333333333         0.666666667         0.000000000  
1   0.166666667         0.500000000         0.500000000  
1   0.166666667         0.833333333         0.833333333  
1   0.166666667         0.833333333         0.500000000  
1   0.166666667         0.500000000         0.833333333  
1   0.500000000         0.166666667         0.500000000  
1   0.833333333         0.166666667         0.833333333  
1   0.500000000         0.166666667         0.833333333  
1   0.833333333         0.166666667         0.500000000  
1   0.500000000         0.500000000         0.166666667  
1   0.833333333         0.833333333         0.166666667  
1   0.833333333         0.500000000         0.166666667  
1   0.500000000         0.833333333         0.166666667  
1   0.333333333         0.333333333         0.333333333  
1   0.666666667         0.666666667         0.666666667  
1   0.666666667         0.666666667         0.333333333  
1   0.333333333         0.333333333         0.666666667  
1   0.666666667         0.333333333         0.666666667  
1   0.333333333         0.666666667         0.333333333  
1   0.333333333         0.666666667         0.666666667  
1   0.666666667         0.333333333         0.333333333  
1   0.500000000         0.500000000         0.500000000  
1   0.833333333         0.833333333         0.833333333  
1   0.833333333         0.833333333         0.500000000  
1   0.500000000         0.500000000         0.833333333  
1   0.833333333         0.500000000         0.833333333  
1   0.500000000         0.833333333         0.500000000  
1   0.500000000         0.833333333         0.833333333  
1   0.833333333         0.500000000         0.500000000  
/

