# 0
-248.760782013478
    3.999990000         90.000030000    -0.000000000          1.000000000    -0.000000000    -0.000000524
    3.999970000         89.999990000     0.000040000          1.000000000     0.000000698     0.000000175
# 1
-248.760580452150
    3.999320000         90.000000000     0.064130000          0.999999374     0.001119279     0.000000000
    3.999320000         90.000000000     9.935870000          0.985001497     0.172545794     0.000000000
# 2
-248.743096391227
    3.972990000         90.000000000     0.545350000          0.999954703     0.009518009     0.000000000
    3.972990000         90.000050000    99.454650000         -0.164266902     0.986415929    -0.000000873
# 3
-248.739369238954
    3.967090000         90.000000000     0.596710000          0.999945769     0.010414366     0.000000000
    3.967080000         90.000000000   109.403290000         -0.332215292     0.943203583     0.000000000
# 4
-248.735292497733
    3.961470000         90.000000000     0.647530000          0.999936138     0.011301290     0.000000000
    3.961540000         90.000000000   119.352570000         -0.490182386     0.871619887     0.000000000
# 5
-248.724811410627
    3.951460000         90.000000000     0.351060000          0.999981229     0.006127115     0.000000000
    3.951460000         90.000000000   149.648950000         -0.862945679     0.505296701     0.000000000
# 6
-248.722537693208
    3.947700000         90.000000000     0.365830000          0.999979616     0.006384895     0.000000000
    3.947430000         90.000000000   159.632770000         -0.937481200     0.348035917     0.000000000
# 7
-248.719999003371
    3.942570000         90.000000000     0.307750000          0.999985575     0.005371225     0.000000000
    3.942570000         90.000000000   169.692260000         -0.983860875     0.178935125     0.000000000
# 8
-248.719138720946
    3.935100000         90.000000000     0.069590000          0.999999262     0.001214574     0.000000000
    3.935100000         89.999990000   179.930430000         -0.999999263     0.001214225     0.000000175
# 9
-248.760029211542
    3.998650000         90.000000000     0.118640000          0.999997856     0.002070657     0.000000000
    3.998650000         90.000000000    19.881350000          0.940398872     0.340073465     0.000000000
# 10
-248.759153588091
    3.998170000         90.000000000     0.171130000          0.999995540     0.002986778     0.000000000
    3.998170000         90.000000000    29.828860000          0.867515017     0.497410993     0.000000000
# 11
-248.757950453396
    3.997500000         90.000000000     0.223840000          0.999992369     0.003906735     0.000000000
    3.997500000         90.000000000    39.776160000          0.768549798     0.639789972     0.000000000
# 12
-248.760728753800
    3.999730000         90.000000000     0.034440000          0.999999819     0.000601091     0.000000000
    3.999730000         90.000000000     4.965550000          0.996246922     0.086556749     0.000000000
# 13
-248.756404177376
    3.996220000         90.000000000     0.277530000          0.999988269     0.004843793     0.000000000
    3.996210000         90.000000000    49.722480000          0.646490497     0.762922039     0.000000000
# 14
-248.754492238958
    3.993860000         90.000000000     0.331490000          0.999983264     0.005785560     0.000000000
    3.993800000         90.000000000    59.668130000          0.505007798     0.863114780     0.000000000
# 15
-248.752196063528
    3.989990000         90.000000000     0.386920000          0.999977198     0.006752977     0.000000000
    3.990030000         90.000000000    69.613100000          0.348357740     0.937361662     0.000000000
# 16
-248.749519838594
    3.984890000         90.000000000     0.440820000          0.999970403     0.007693685     0.000000000
    3.984890000         90.000000000    79.559180000          0.181219838     0.983442612     0.000000000
# 17
-248.746481612687
    3.978980000         90.000000000     0.493630000          0.999962887     0.008615362     0.000000000
    3.979100000         90.000000000    89.506530000          0.008612570     0.999962911     0.000000000
