# 0
-248.760782013565
    3.999990000         90.000030000    -0.000000000          1.000000000    -0.000000000    -0.000000524
    3.999970000         89.999990000     0.000040000          1.000000000     0.000000698     0.000000175
# 9
-248.760773210699
    3.999920000         90.000000000     0.014870000          0.999999966     0.000259530     0.000000000
    3.999920000         90.000000000     1.985130000          0.999399851     0.034640123     0.000000000
# 12
-248.760747935998
    3.999800000         90.000000000     0.028130000          0.999999879     0.000490961     0.000000000
    3.999800000         90.000000000     3.971870000          0.997598178     0.069266700     0.000000000
# 14
-248.760729507012
    3.999730000         90.000000000     0.034440000          0.999999819     0.000601091     0.000000000
    3.999730000         90.000000000     4.965550000          0.996246922     0.086556749     0.000000000
# 1
-248.760583089544
    3.999320000         90.000000000     0.064130000          0.999999374     0.001119279     0.000000000
    3.999320000         90.000000000     9.935870000          0.985001497     0.172545794     0.000000000
# 10
-248.76003826737698
    3.998650000         90.000000000     0.118640000          0.999997856     0.002070657     0.000000000
    3.998650000         90.000000000    19.881350000          0.940398872     0.340073465     0.000000000
